  3.3333333e-002	  9.9994780e+001	
  6.6666667e-002	  9.9978697e+001	
  1.0000000e-001	  9.9951979e+001	
  1.3333333e-001	  9.9915385e+001	
  1.6666667e-001	  9.9868912e+001	
  2.0000000e-001	  9.9812182e+001	
  2.3333333e-001	  9.9745240e+001	
  2.6666667e-001	  9.9670334e+001	
  3.0000000e-001	  9.9584954e+001	
  3.3333333e-001	  9.9491477e+001	
  3.6666667e-001	  9.9389211e+001	
  4.0000000e-001	  9.9277844e+001	
  4.3333333e-001	  9.9158007e+001	
  4.6666667e-001	  9.9029596e+001	
  5.0000000e-001	  9.8893584e+001	
  5.3333333e-001	  9.8749609e+001	
  5.6666667e-001	  9.8597697e+001	
  6.0000000e-001	  9.8438926e+001	
  6.3333333e-001	  9.8271709e+001	
  6.6666667e-001	  9.8097169e+001	
  7.0000000e-001	  9.7916639e+001	
  7.3333333e-001	  9.7728074e+001	
  7.6666667e-001	  9.7533285e+001	
  8.0000000e-001	  9.7330713e+001	
  8.3333333e-001	  9.7122493e+001	
  8.6666667e-001	  9.6908289e+001	
  9.0000000e-001	  9.6686637e+001	
  9.3333333e-001	  9.6459448e+001	
  9.6666667e-001	  9.6226093e+001	
  1.0000000e+000	  9.5987259e+001	
  1.0333333e+000	  9.5742788e+001	
  1.0666667e+000	  9.5491833e+001	
  1.1000000e+000	  9.5235749e+001	
  1.1333333e+000	  9.4974481e+001	
  1.1666667e+000	  9.4707645e+001	
  1.2000000e+000	  9.4434908e+001	
  1.2333333e+000	  9.4158333e+001	
  1.2666667e+000	  9.3876084e+001	
  1.3000000e+000	  9.3589251e+001	
  1.3333333e+000	  9.3297211e+001	
  1.3666667e+000	  9.3000486e+001	
  1.4000000e+000	  9.2699895e+001	
  1.4333333e+000	  9.2394400e+001	
  1.4666667e+000	  9.2084605e+001	
  1.5000000e+000	  9.1770278e+001	
  1.5333333e+000	  9.1451740e+001	
  1.5666667e+000	  9.1129631e+001	
  1.6000000e+000	  9.0802938e+001	
  1.6333333e+000	  9.0472156e+001	
  1.6666667e+000	  9.0137847e+001	
  1.7000000e+000	  8.9799835e+001	
  1.7333333e+000	  8.9458187e+001	
  1.7666667e+000	  8.9112083e+001	
  1.8000000e+000	  8.8763530e+001	
  1.8333333e+000	  8.8410627e+001	
  1.8666667e+000	  8.8054767e+001	
  1.9000000e+000	  8.7696143e+001	
  1.9333333e+000	  8.7333867e+001	
  1.9666667e+000	  8.6968027e+001	
  2.0000000e+000	  8.6598983e+001	
  2.0333333e+000	  8.6227351e+001	
  2.0666667e+000	  8.5852386e+001	
  2.1000000e+000	  8.5474123e+001	
  2.1333333e+000	  8.5093532e+001	
  2.1666667e+000	  8.4710300e+001	
  2.2000000e+000	  8.4324027e+001	
  2.2333333e+000	  8.3935505e+001	
  2.2666667e+000	  8.3543198e+001	
  2.3000000e+000	  8.3149370e+001	
  2.3333333e+000	  8.2752553e+001	
  2.3666667e+000	  8.2353839e+001	
  2.4000000e+000	  8.1952169e+001	
  2.4333333e+000	  8.1547973e+001	
  2.4666667e+000	  8.1141295e+001	
  2.5000000e+000	  8.0732733e+001	
  2.5333333e+000	  8.0322367e+001	
  2.5666667e+000	  7.9909705e+001	
  2.6000000e+000	  7.9494354e+001	
  2.6333333e+000	  7.9077512e+001	
  2.6666667e+000	  7.8658143e+001	
  2.7000000e+000	  7.8236638e+001	
  2.7333333e+000	  7.7813014e+001	
  2.7666667e+000	  7.7388169e+001	
  2.8000000e+000	  7.6960761e+001	
  2.8333333e+000	  7.6532196e+001	
  2.8666667e+000	  7.6101561e+001	
  2.9000000e+000	  7.5669385e+001	
  2.9333333e+000	  7.5234701e+001	
  2.9666667e+000	  7.4799603e+001	
  3.0000000e+000	  7.4361616e+001	
  3.0333333e+000	  7.3922822e+001	
  3.0666667e+000	  7.3481705e+001	
  3.1000000e+000	  7.3039721e+001	
  3.1333333e+000	  7.2595974e+001	
  3.1666667e+000	  7.2150509e+001	
  3.2000000e+000	  7.1704213e+001	
  3.2333333e+000	  7.1255169e+001	
  3.2666667e+000	  7.0806215e+001	
  3.3000000e+000	  7.0354996e+001	
  3.3333333e+000	  6.9902379e+001	
  3.3666667e+000	  6.9449624e+001	
  3.4000000e+000	  6.8994021e+001	
  3.4333333e+000	  6.8538322e+001	
  3.4666667e+000	  6.8080678e+001	
  3.5000000e+000	  6.7622693e+001	
  3.5333333e+000	  6.7162493e+001	
  3.5666667e+000	  6.6701617e+001	
  3.6000000e+000	  6.6239932e+001	
  3.6333333e+000	  6.5776660e+001	
  3.6666667e+000	  6.5311745e+001	
  3.7000000e+000	  6.4846699e+001	
  3.7333333e+000	  6.4380297e+001	
  3.7666667e+000	  6.3912709e+001	
  3.8000000e+000	  6.3444349e+001	
  3.8333333e+000	  6.2975335e+001	
  3.8666667e+000	  6.2504784e+001	
  3.9000000e+000	  6.2034395e+001	
  3.9333333e+000	  6.1562198e+001	
  3.9666667e+000	  6.1089159e+001	
  4.0000000e+000	  6.0614832e+001	
  4.0333333e+000	  6.0140306e+001	
  4.0666667e+000	  5.9664024e+001	
  4.1000000e+000	  5.9187822e+001	
  4.1333333e+000	  5.8710744e+001	
  4.1666667e+000	  5.8233187e+001	
  4.2000000e+000	  5.7753799e+001	
  4.2333333e+000	  5.7274704e+001	
  4.2666667e+000	  5.6794519e+001	
  4.3000000e+000	  5.6313509e+001	
  4.3333333e+000	  5.5830936e+001	
  4.3666667e+000	  5.5349136e+001	
  4.4000000e+000	  5.4865948e+001	
  4.4333333e+000	  5.4382305e+001	
  4.4666667e+000	  5.3897023e+001	
  4.5000000e+000	  5.3412701e+001	
  4.5333333e+000	  5.2926829e+001	
  4.5666667e+000	  5.2440042e+001	
  4.6000000e+000	  5.1953851e+001	
  4.6333333e+000	  5.1465807e+001	
  4.6666667e+000	  5.0978223e+001	
  4.7000000e+000	  5.0489676e+001	
  4.7333333e+000	  4.9999677e+001	
  4.7666667e+000	  4.9510322e+001	
  4.8000000e+000	  4.9019855e+001	
  4.8333333e+000	  4.8529032e+001	
  4.8666667e+000	  4.8037676e+001	
  4.9000000e+000	  4.7546230e+001	
  4.9333333e+000	  4.7053414e+001	
  4.9666667e+000	  4.6561172e+001	
  5.0000000e+000	  4.6068074e+001	
  5.0333333e+000	  4.5574220e+001	
  5.0666667e+000	  4.5079789e+001	
  5.1000000e+000	  4.4585429e+001	
  5.1333333e+000	  4.4090753e+001	
  5.1666667e+000	  4.3595558e+001	
  5.2000000e+000	  4.3099338e+001	
  5.2333333e+000	  4.2602869e+001	
  5.2666667e+000	  4.2106353e+001	
  5.3000000e+000	  4.1609467e+001	
  5.3333333e+000	  4.1112738e+001	
  5.3666667e+000	  4.0614226e+001	
  5.4000000e+000	  4.0116259e+001	
  5.4333333e+000	  3.9618068e+001	
  5.4666667e+000	  3.9119664e+001	
  5.5000000e+000	  3.8619690e+001	
  5.5333333e+000	  3.8121133e+001	
  5.5666667e+000	  3.7621149e+001	
  5.6000000e+000	  3.7120851e+001	
  5.6333333e+000	  3.6620226e+001	
  5.6666667e+000	  3.6119565e+001	
  5.7000000e+000	  3.5619004e+001	
  5.7333333e+000	  3.5117805e+001	
  5.7666667e+000	  3.4615564e+001	
  5.8000000e+000	  3.4113736e+001	
  5.8333333e+000	  3.3611262e+001	
  5.8666667e+000	  3.3109081e+001	
  5.9000000e+000	  3.2606555e+001	
  5.9333333e+000	  3.2103911e+001	
  5.9666667e+000	  3.1600354e+001	
  6.0000000e+000	  3.1096971e+001	
  6.0333333e+000	  3.0593908e+001	
  6.0666667e+000	  3.0089536e+001	
  6.1000000e+000	  2.9585461e+001	
  6.1333333e+000	  2.9081160e+001	
  6.1666667e+000	  2.8575934e+001	
  6.2000000e+000	  2.8072059e+001	
  6.2333333e+000	  2.7567016e+001	
  6.2666667e+000	  2.7061526e+001	
  6.3000000e+000	  2.6555511e+001	
  6.3333333e+000	  2.6050497e+001	
  6.3666667e+000	  2.5544929e+001	
  6.4000000e+000	  2.5038296e+001	
  6.4333333e+000	  2.4531814e+001	
  6.4666667e+000	  2.4025547e+001	
  6.5000000e+000	  2.3518783e+001	
  6.5333333e+000	  2.3012857e+001	
  6.5666667e+000	  2.2505816e+001	
  6.6000000e+000	  2.1998085e+001	
  6.6333333e+000	  2.1491691e+001	
  6.6666667e+000	  2.0984209e+001	
  6.7000000e+000	  2.0476581e+001	
  6.7333333e+000	  1.9968065e+001	
  6.7666667e+000	  1.9460543e+001	
  6.8000000e+000	  1.8953047e+001	
  6.8333333e+000	  1.8444109e+001	
  6.8666667e+000	  1.7936661e+001	
  6.9000000e+000	  1.7427967e+001	
  6.9333333e+000	  1.6919629e+001	
  6.9666667e+000	  1.6410288e+001	
  7.0000000e+000	  1.5901939e+001	
  7.0333333e+000	  1.5392399e+001	
  7.0666667e+000	  1.4883322e+001	
  7.1000000e+000	  1.4374172e+001	
  7.1333333e+000	  1.3864683e+001	
  7.1666667e+000	  1.3355340e+001	
  7.2000000e+000	  1.2845869e+001	
  7.2333333e+000	  1.2336266e+001	
  7.2666667e+000	  1.1825995e+001	
  7.3000000e+000	  1.1316585e+001	
  7.3333333e+000	  1.0806910e+001	
  7.3666667e+000	  1.0296300e+001	
  7.4000000e+000	  9.7860576e+000	
  7.4333333e+000	  9.2757221e+000	
  7.4666667e+000	  8.7652440e+000	
  7.5000000e+000	  8.2550331e+000	
  7.5333333e+000	  7.7447096e+000	
  7.5666667e+000	  7.2335702e+000	
  7.6000000e+000	  6.7229248e+000	
  7.6333333e+000	  6.2122618e+000	
  7.6666667e+000	  5.7004332e+000	
  7.7000000e+000	  5.1901786e+000	
  7.7333333e+000	  4.6784294e+000	
  7.7666667e+000	  4.1677034e+000	
  7.8000000e+000	  3.6562461e+000	
  7.8333333e+000	  3.1451980e+000	
  7.8666667e+000	  2.6338211e+000	
  7.9000000e+000	  2.1220272e+000	
  7.9333333e+000	  1.6107100e+000	
  7.9666667e+000	  1.0990041e+000	
