1880 -.28
1881 -.21
1882 -.26
1883 -.27
1884 -.32
1885 -.32
1886 -.29
1887 -.36
1888 -.27
1889 -.17
1890 -.39
1891 -.27
1892 -.32
1893 -.33
1894 -.33
1895 -.25
1896 -.14
1897 -.11
1898 -.25
1899 -.15
1900 -.07
1901 -.14
1902 -.24
1903 -.30
1904 -.34
1905 -.24
1906 -.19
1907 -.39
1908 -.33
1909 -.35
1910 -.33
1911 -.34
1912 -.32
1913 -.30
1914 -.15
1915 -.10
1916 -.30
1917 -.39
1918 -.33
1919 -.20
1920 -.19
1921 -.14
1922 -.26
1923 -.22
1924 -.22
1925 -.17
1926 -.02
1927 -.15
1928 -.12
1929 -.26
1930 -.08
1931 -.02
1932 -.08
1933 -.19
1934 -.07
1935 -.12
1936 -.05
1937 .07
1938 .10
1939 .01
1940 .04
1941 .10
1942 .03
1943 .09
1944 .19
1945 .06
1946 -.05
1947 .00
1948 -.04
1949 -.07
1950 -.16
1951 -.04
1952 .03
1953 .11
1954 -.10
1955 -.10
1956 -.17
1957 .08
1958 .08
1959 .06
1960 -.01
1961 .07
1962 .04
1963 .08
1964 -.21
1965 -.11
1966 -.03
1967 -.01
1968 -.04
1969 .08
1970 .03
1971 -.10
1972 .00
1973 .14
1974 -.08
1975 -.05
1976 -.16
1977 .12
1978 .01
1979 .08
1980 .18
1981 .26
1982 .04
1983 .26
1984 .09
1985 .05
1986 .12
1987 .26
1988 .31
1989 .19
1990 .37
1991 .35
1992 .12
1993 .13
1994 .23
1995 .37
1996 .29
1997 .39
1998 .56
1999 .32
2000 .33
2001 .48
2002 .56
2003 .55
2004 .48
2005 .62
2006 .54
2007 .57
2008 .43
2009 .57
